1969650
2305338
2202052
2333776
1702010
1653783
2276580
892697
1816538
6
1483161
1977957
133918
1801503
114894
2321383
1354586
1479556
382792
1638557
1641505
941379
1707601
1041913
1439090
1687447
1941346
1982284
2234520
178032
1822994
2250181
302197
1941960
1280367
2333698
2260101
710813
1596140
2323039
2184211
1640797
966553
1616036
2295946
930432
377316
184976
2163111
1484266
2343507
2343513
2343517
215162
17268
2339826
954152
522839
537758
1848606
645797
1422608
2262673
202300
2140845
2153493
1696749
2086993
458757
643115
1917811
1616560
2172925
513147
1246754
1592932
976498
10226
2145276
1780642
1887384
949676
2019772
2309659
532846
2000760
1822975
2250071
1359946
2309172
407189
1998498
2285621
1659298
2305441
2348015
1883109
2345793
467061
135556
1377189
1772177
2256995
2176781
122101
1907510
2310928
1963703
861218
2043856
1041694
1661633
769843
1701884
2364557
743277
2282652
1922825
2282783
2213542
922366
2101877
821598
2351915
2344168
269994
789973
1522253
345030
1591963
2308434
309354
1305528
1570946
754513
1272628
2031568
2122573
543535
1702566
335071
27644
1730370
1710593
9266
2171658
1831184
1691400
2166298
2345797
1438361
2133043
1598058
1175437
800224
648165
2066992
2070000
2303506
2330507
1759763
1810564
64365
189907
1870822
1517976
844833
2178549
472594
1961640
2321548
1740779
2367166
1661596
2296096
1734498
490625
928400
1043119
1811381
2345286
1801031
13811
2321352
2256054
2077891
2379210
2354865
1778047
188924
1476690
1885621
2257015
2354295
1498918
1334630
2074182
394101
238053
1533974
1495905
603086
1914435
2230677
122626
1935655
1972555
1937675
2175849
8755
2201037
2282203
2202086
2334275
1274908
904570
961780
2338636
2356647
1516483
1918025
122238
365330
2129706
1320588
1501705
2386068
2225386
1036114
2260878
1517590
232302
2374748
2276913
1713904
2342898
5902
2296221
278168
2054339
61419
1170805
742319
378440
390199
2197691
1137832
1941932
2188554
2375198
1005075
1739261
2308832
554338
1998422
2236634
1747632
188794
1373861
2272634
2296094
1279792
1957160
1702575
1096758
2157082
2279121
1184662
1763513
1735097
2226130
1846597
2384778
2385637
59970
2309076
1124317
2286127
1991405
2063047
818091
1600077
1935364
2249258
1048666
2186662
252673
646042
2414469
129068
2395302
1710467
2185191
2425072
7412
1981947
2110839
1626599
1981222
1330273
2238378
2431167
1824392
1676005
2121403
2376192
2061332
2105176
1855378
1075244
2460198
704707
2410148
2053460
1777800
797227
777490
1892292
2086727
2435980
2387629
1934766
309869
2468154
1495152
850334
2412476
1749618
2429800
2295620
1772691
909418
2280392
2406327
2400161
2482845
399969
1898516
2488935
2466670
